..vr..

Ces 66166 66 confirmation des 661 61 x· 6166166 forment
une des parties 166 6166 1616666666166 66 16 66666616

publication. Nous n'err possedeas 666 166 6611616666Ι 61
116 66 6661666666 que par 16 66616 66 6166161661666
’ Vetus, 66666166 6661161666, 66 666 166 661116611666 6661

116 661616 1611161.

160166161661666 16166 66611661 16 1666666161166 66
6161166166, 6661 166 66166 6661161666661 6616611161 61
1172. 661666 16 66616 161666616616612 66 1667. Ce 666·
1616166 for-mair 6666 66 1661 complet 61 66 6666611 6166
66616666 avec le 11666 [1666616616116 666 666 6616666
6616666161. 1166161, 6666 s'en 6666616666, 66 666616166
que 166666 666 61666166 661 1661 6111666611 6666 66 66616-
16166 616666 16 Livre rouge, 66611611116116616616666
66666 conserve le sommaire pour les 166111616 2616
311. Dans 16 premier 66 6666666666 66 61666666661
presque 616161 666 6666666616 6616661 166 661661166 6661
116 66666661. 11166 66161 6666 16 666666.

Le 6166161661666 Vetus 661 6166 66611 6 16 116 66
66· 616616 6161616166661 1187. Α 66116 66661666 6616, 66
61161, Philippo-Auguste fonde 666 666166666166 1861616-
Croix ⁵, 61 16 6661616 6666611 666 omis de 666661111666
6616 66 66116 1666616666 61 666 oeuvre n'eul 616 6611
666616166661 66116666 61 661166.

1 11666 1161166661 611 encore 6666 666 66166 66 16616 16 111666, 66
(11666166 16 Chaere, 66 1166166666 11, 61166666 6166 11611661. -11111, 66

, 116666661,666.10(18,1· 61111.

⁸ 1. 6. 1111, 61 11616. de 16 See. 66616661. de l'Orleareair,r. 1111, p. 1.

1 161 661611 666616166661 166166 paragrapho 6616111666 66616161666.
[1111111666666166111 11666616 6601166161661666 16166 61 66 11666
rouge. 16 simple consternation 66 166666 6661616161 666 66166, que 6666
66666166666 pour 166 61 6666 166166, 666161 661661616666166116 hypo·
111666. - 6. 1.

1 Nous 66611666 61661616 66116166666661 6666666166 (p. xlv).

1 ch. cul.

 

