1:1.xxxvm
1111

1111,11111111111111111111111, 11111111 111 1111111111 1111111 111 nequi-mou
11111111 1111111111 111 111111111111111111· 111111 la 1111111111 dom
1111111111111 11 1111 1111111 111 1111111111 1111111111 111111 11111111.

10111. 1. 1111111. Aren. (111 1111111, G. 2111 111111111111 Scriptum)

Ego lohannes, ,11111111111111111111111111111111111111, 1111111·
1111111 11 1111111 11111111 111·11111111,111111111111111111 111 pom-
11111 11111 111 1111111111111111 8111111111 1111111.11111111111111
11111111,11111111111, ordinavi 1111111 1111111111111111111 Sancte
Crucis Aurelianensis integre 11111111 1111111111 1111111111111.
1111111 11111 1111111111 1111111 111111 11111111111111111111111111
1111111111· 1111111111 1111111, ‘lui 1111111 1111 11 1111111 11111 1111·
11111111 suis 111111111111111111111111111111. ,11111111111111111 111 111111
1111111111 111111111 1111111111 1111111111 1111111111, 1111111111 11
1111111111, 11111111 1111111111111111 111111 1111111111 8111111111.
11111111 1111111111111· 111 111111 111111 ,11111111 hyemali. 111111
1111111111 in ,111111 1111111111, 111111111111111111111111111111111
1111111111, 11111111 1111111111111 111 varim-anione 111111111111111,
1111111111111 11111111111111111111111111. 111 111111111111 1111111111111111111.
1111111111· 11111· 1111111111 11111111111111111111111·11·111111.111111
1111111111 11111 11111 11111111, 11111111111111111111111111111111111
11111111 1111111111 111· 1111111111 11111111111111111111. 1111 11111 ouh
’1 1’1·1111 111 1111111111111111, 11 ’111 ,1111111111 1111111111 11111111,11
1 1111111111 1111111111 11111111, 11 11111111111111111111 11οὸ1111111
1111111111. 111111 1111· 11111111 11111 1111111 11111111 nauh
1111111111, 11111111 1111111 1111111111· 11111111111111111111, 11111111 11
1111111111. 11 111111 111111 111111111111111 11111 11111111111111111111 limib-
111111, 11111· 11111111 1111111111 111 1111111111δ11111Ι11111111μ1

 

