..χι.

111. 111·. ww. 11111111 (111. XL).

111. 11 1. Λ111111 pour 11111111111111111111111111111. m).

111. ἶ 11211. 111111111111-1111111111(111. 611111).

1111. ’1 1·. 1011. 1111111111 11 1111. 1111).

1·“11, 11 τ’. 1150. 11111111 1111111. 11111).

1111811. 11311111), Mon 111 (11111111. 11111).

111. 11 1’. 1111111 (111. XX).

1³⁰¹. 11111. 111111. 111111111111. 111).

111. 10 1· 11 11 w. 1111111111111 (111. xxvn).

111. 11 11. 1111111111 1111111111111 1111111111 1111111 111111-
1111111111 1111 111111 111111111111111111 1111111111“ 1111 jus-
1111111 1”’ 11111 1111111. 11111111 111111 1111111111111111111111 11111
1111111 1111111111111111 11111 11 1111111111111111111111111111111
11 11111111111111 1111111111 111111 1111111111 pst mois3 11111 111
suspects, 11 sm 1111. pour 11111 serment 11 1111111111 11111 1 111111
1111111111111111,1111111111111 111 111111 11 11 1111111111 11111
11111. serant 11111 11111111 11 1111111, 11111111111,1111111111
1111111,11111 111 111 conas 111 1111111111, 111111111111111111·
11111, 111 11111111, 11 1111111111 1111111111 111 1111 111111111111·
[111111 111 lui.

111. 11 11. 1101. 011111111111 1111111. 111111110111111, 11
1111111111111111111111111, qui 11111 111 111 dignissim 111111 11·
111111 111111111111111111111 111 mois 111111 1111111 111 111111 11111111
dignus«, 1111111111 1111111111 1111111111 de 11111 1111111111ς
1111111111111111 1111111111 111111 1111111111 111 prom 111111-
1111111111111111 11111 1111111 11 11 1111111111 11 1111111 chspssrs.
1111111111 plusque 11111 111 biens 1111111111111111111111 1111 111·
1111111, 1111111111111· 11111 111111 1111 11111111 1111111·
111111,1111111111111 11 111111 11111111111111111111111111 sptbs
11 mors 1111111111 1111111111111.

Ι1111111111111 sons 11111111, nous 11 1111111111 111111 : 11111
111111111111111, novembrem 111111 11111, donno 1111111111 9⁰0, 11
1111111111 111111 1111111111 1111111111. commoneant 11 111111111111ς
11 111111111111111. 1111111111 1111, 1111111 11 1111 1111111111 (V), 111
1111111111 1111 11111111111111 1 0111111 comma 111 1111111111 111111
1111111111 11111.

 

