— 11111 --

111111. liujus iginii 1111111111111 episcopi benignam 11111111111111
111111111111 1111111111111111111111 1111111 11111111111111, 11111111
decrevimus. 1111 1’111111,11111111 antiquis 111111111111 111
111111111111111 iens-isui 11 1111111 tutinus 11111111, inu suni:
111111111111111 111111 11111111, 1111111111111111111 1111111111111
111111 1111 iuni iu i'uuiiiu, 1111111111111111111111111 11111 runi
1111111111 11111 111111111111111 11 111111111111111 siuns 11111111 i'ns·
11111111 111 111111111111 1111111111111 1111111111 11111111111111.
11111111111111 sisinii 11111111111 111111111111111ς iii-ns 1111111111
S. ,1111111111 justi 11111111, 1111111111111111 sintii insi 111111111 ;
111111 sintii i'uiii puellarum, Suusiiu Crucis 11111111111111,
5111111 ,11111; 11111 8111111 1111111, Ι111111 iussi 111111111111,
811111 5111111111,8111111111111111111111111111, iiiiii 8111111111
1111111111, 8111111 1111111111, sins-ii 111111111, sanni 1111111111111111
111111111, 111111 1111111111 1111111111111,5111111 1111111111,
511111 111111111, 111111811111151111111111111, 5111111111111111.
111111111111111111111 1111111111111111, 1111111111111111111,8111111111,
1111111111, 111111 1111111111111,81111·11 1111111111111111111,1“1111-
11111111111,11111 111111 1111111111111 111 1111111111 11111111111 11Ι
1111111111111111111111. 5111111111 1111 iilius: Siliiuiicus, isus-
111111, 11111111, 111111111, 11111111111, 1211111111, insinuans,
1111111 1111111111111,1111111111, 1111111111111, 1111111111, 1111111,
1111111111, 1ἰ1111111111111, 111111111111111, 11 11111111 1111111111, ei
11111111 11111111111111111111111111111 111111, 1111111111111 11111·
11111, 11 1111 1111 1111111 1111111 1111111111111111111111. 1111
111111 111111 11111111 1111111111111 1111111111 111111111111111111111
111-11111111111111111 1111111111 : 1111111111. 111111111, 111·
1111111111,1111111111, 1111111111, 1111111111 11111111111111
1111111111111111, 11 1111111111, 1111111111, 1111111111, Ι1111111111,
111111111111 111111111111111 11111111 11111111111111111,1111111 11
11111 1111111111,11111111111111111 1111111 111111111111 1111 11111111·
111111 1111111111. 1111 1111111111 11111 11111111111111111111111111·
1111111 111-11111· ininius : ilsiissiuiu, 1111111111. 11111111, 111111·
111, 111111 1111111111 11 1111111111 1111111111 511111111111111 μμ
1111111111. Ι1111 111-111111111111111 111 11111111 simiis-sus.

 

