- 111,-

[1111111071 1111111111611 1111111111111, 111111111111
8111 (11111). ¹

111111111111111111 1111111111, consent que 11 11111111 11-
111111 1111111111 11 corps (11, 539).

1211. 11111111 1111111111111 pur Η1111111 1111111 11 partie 111
111111 1111111111111111111 (11, 601).

1111. 11111111 1111111111 11111111111111111111 11 {out 11
1111111111 11 81111161111111111 11111) (11, 151).

1111 11111. 111111111111111111 1111 du 11111111 1111111111111·
11111 (111, 111).

1216111111 11111 111 11111111 par 11 1111111111111) 11 1111111
11 11111) (11, 111).

1118111111 11111111111,111111, 11111111 1111111111111111 1
101.1111111111 111 11111111 [1111111111 pour 11 11111111
(10111 111111,11111111 (111, 111).

1119. ’1111111111 11111 1111111111 11 11111111 1111 11111-
111111 111111 1161111611111111111111 1 111) 11111 1111111111
11 111111 1111111111 1111111101, 618).

[11111 111111 111111111111111 11111111 11 11111111 1111 cure
11111111) (11 , 1811).

1110 1111111. 1111111, 11111 10111111 ; 111 11111111 11 111111
111111 du 1111111111 Bou (11, 381).

1110. 111111111111111 1111111111 moini& 111 111111 11 111111
11 11 mairie 11111111) pour 1111111 1111111 il 1111111 11 1111111111
111111111111111 (11, 618).

1111. 11111111 111111 11 11111111111111 nom-ges 11111111)
que 111111 du 0111111111 11 droit de prendre 3 1111111 11 111 sur
11 granno 1111111111 11 11111111 101111111111 11111111 111111 leg
11111111 (11 , 530).

1116. 1111 parles 1111111111 111111111111111111111 1111111
loa 1111111 (1, 101 ).

1131. 111111 par 1111111111111111111 1111 1111111, 1 111111,
1111111110111111, 11 deux 1111111111 (11111111 11 1111111111
111111 1111111111 11 1111111 11 Safini-My (1, 1).

11811. Τ111111111111111111111111111 111111 11111 pour plu·

1111111 11111111111111111 1111111111111111 11 1111111 1111111111
1 518.
(1113811111. 1111111111 1111νοί11111 11111 motai-meu 1

 

