-617-

11111ῃὶ111111 1111111111 qui 1111111111 1111111111111 111 1111111111 11
1111111111. 155
1,1111(1.- 1172, - 11111111111 1 111111 1611111111 1111 1111111
11 111111 0111111111. 156
1111111111. - 1173, 01111111. - 1111 11111111111 11 111111 81111111

111 11111111 111111, 1ο11 1111111 11 11 justice 111 1111111111 111111111-
111111, 1111 111 sainte-Crob, 11 1 condition 11111 11111111111
1111111111. 157

11111111. - 1173. - Τ111111111111111111 111111-11111111111111 11
1111111111 11111111 plusieurs 1111111111 11 1111111111. 158

LXXXIV. — 1171. - 11111Β1111,111111 11 111111111811111161111,
donne 111 111111 11 vigne 111111111111111111 111111 111111111111111
leurs 11111111111, 1111111111 2 1111 111111111111 chacun. 161

Lxxxv. - 1175. - 11111111111111111111111111111 1111111111111
11111111 11111111 111 1111111111 111 611111. 161
cchxxx. - 1176, 1111111. - 1111111111111111111111111 1111111111
11 mairie 11 Bou 111111 main 11111111111111111111111111,11111111. 527

11111111. - 1176, 1111111111. - 1111111 11 1111111 11 611111111111·
11111 1 1111111 11 1173,111111 8111111-61111 11 1111111111111111111,
1111111111 1111111111111111 11 peche. 163

1111111111. - 11711111. 11 11* 11111111. -1111111111,11111111Ὀ1111111,
ayant 111111 1111111111 0111111111 1 11 maison 11 11 61111111,1ο111111111
111 11111111, 1111111 (111 1111111111111 111111 1111111111 11111 11111111
1111111111 111 1111111111 111111 maison. 166

1111111. - 1117111, 1111111111, 11111111. - 611111116111 111
Alexandro 111 1111111111111111111111 11 0111111111 11111 11 111111111
111 11111111 10111111. 171

111. - {vers 117111. - 111111111111111111111111111111111111 11
main-ie 11 Bou 11 111111 de 11111111, 11111111111111111111111111. 172

xm. - 11711, -1,·11111111111111111111111111111 1111111111 11 11111-
11111 111 1111111 111 [1111111111 111 maison 1161111111 11 1111111111 11
synodo 11 111111. 173

11111- 1177, (11111111. -1111111111 11 1111111 11 11 Forte-Amin
1111111 1111111111 en 1111111111111111111 111 111111111111111-111·
1111111111. 171

xum. - [1177121 1111111, 11111. - 6111111111111111111111111111
11 111 1111111111 11 61111111118111111·61111. 176

(1111111111. - 11711, 18 novembre. 11111111. - 1111111ιῦ11
111111111111111 1111111 111 1111111111111 1111111111 (11611111 1 1111011
conclu 111 1111111811111-01111 11111111111111 11111111111111. 528

XCIV, - 11711. - (1111111111111181111101111 1111 1111111111 11111
1 811111-11111111111 bouis 1111 1111111111 stim-nonaum. 176
XCV. — 1116. - 1111111111111111116111111, confirmo 11 don-tion
de 1111111111 6111111111. 177

 

