..626-

quo Piorre 11 010111, 1 00 1111011111, 11110010 100 0110ομ10110 pris
poor 11 11011 10 0011110111. 300
ccxvl. -1228, 1111111. - 1110101 1011111 1111010 (101 0011 0100
111101111001 11111011101101310010111 1181111101011 0 10111 1
1101111111 81111-11111111 110011 111101 parisis 010 110οκ10101οᾱ0
1101011110 Cim-Monimo, ³0⁷
ccxvll. - 1228. - composition 101111101101111 11111011 10
111111ρί01 1011 100 1101111 Planquino. 3⁰⁸
ccxvm. - 1228, juillet. - 11111111 0111111111 1010011010111011
11 10111101 faite 01 1111111110 1111011 11110 Philippo, 111000 10111010,
10 10010110111011 11 Vinion-Martio. 3¹⁰
0011111. - 1228, 1011. - 1101001000 1011011 1110011011 101
11111111, 1111111 11 11111 111001. 011
CCXX. - 1228, 1110111.- 011111110 1110010, commo 10111011,
10101110Ιο 1011110 0111111110 par 110 111110 10 1011101101 10 1011111100
1101111. 811
0011111.-1228,101111110. - Lo 1011110111 10111011 11100 00
01111111101011 13111111 1101 maison 0101 1101111001 1110111 10
’11110001 1101111100. 1112
00111111.-1010,1111. — 1101011 8110 011011 au 1110111110 pour
10111111 parisis 11 1111011 1111 11111110. 313
00111111. ·- 1230, mai. -11111111011111111 1011 0010001110010
maison 1011111110 11 1111111110 81111101011101111101 1110101100. 311
(10111111. --1280,11ρ11111111. -- 0110111111 1010000010 interpro-
1011, 11111011 0111 11 1111111111, 0011111111 1100110 00111111 10 1111110
1010110111 1111111111 (1111111111. 315
1111111111. - 1210, octobre. — 111101101111110 0011111110 10111010
10 1111111011111 1111111111 1111111 111321011011 1111 100 1101100
1011111111111111 11 do [1 11011181111101011. 313
00111101.-1231,0010011. - 1110111001 11 11110110 10101101
11111111101111110101 1111111 11 consideration 111 1100100010 0111110100
001101 11 11111111011. 317

ccxxvll. -1232, 1111111. - 110111 11 (1001111110 como 011
1111111111 10 dimo do Soiogs 11001120 111101 parisio. 319
0131111111. - 1231111111. -1111101 8111101011 10 2 01110110 01
demi 1111111 11011011. 333
11011111. 1232, juillet. - 1111101110 1101101100, 0110101100 11
1011111 0111111111 Manuos& 111 1110111111 111 1111100100 1011100 10
1101101101. (1111, CXC). 321
0011111. - 1233, 25 avril. - 1111 0011 011111 00 dimo 1111-
111 pour 200 111111. 321
ccxxxi. ·- 1233, 1101111111. - 1111111001111110801110-101010110
11111111111101111111111111111111 1 111111111οΙ1 101110 uno 111100 1

1111111111. ³2³

 

